-1044
-1032
-1038
-1081
-1126
-1136
-1138
-1159
-1140
-1123
-1099
-1108
-1148
-1186
-1152
-1154
-1279
-1317
-1298
-1267
-1301
-1305
-1361
-1361
-1349
-1285
-1172
-1307
-1346
-1349
-1328
-1353
-1329
2524
28887
81852
163366
244254
308951
378504
453785
504539
443339
331819
193014
76230
-53915
-150688
-257888
-346510
-403648
-467279
-521964
-555346
-579315
-610621
-582913
-500844
-384304
-244751
-70509
125863
298521
440112
576824
718788
857187
982607
1146123
1172255
1151735
998071
727709
480996
254876
39092
-131012
-243707
-323861
-396292
-444781
-488690
-548156
-518310
-467164
-409981
-347010
-249459
-104226
59967
233827
393622
535747
662096
779900
860711
947792
910805
821429
665008
474523
264187
53675
-112210
-232486
-328855
-411127
-457358
-468904
-463371
-360374
-263129
-119712
59831
257203
438060
562693
683893
786056
845742
880836
890193
875062
802323
557838
375078
159585
-40445
-183380
-270779
-342734
-406836
-447404
-456112
-448677
-432430
-380342
-292004
-70750
77429
228178
366288
497916
657939
810257
888869
935539
969474
978670
883206
647743
369243
-16319
-162481
-275142
-367486
-441167
-492935
-531836
-541316
-525953
-484801
-408491
-299104
-130820
61694
400619
559769
693028
812282
914304
983951
1010956
984119
881178
673052
440936
222819
27803
-294085
-395955
-473889
-527681
-549824
-524009
-463030
-391900
-306996
-166190
3270
150159
323448
495288
764168
865950
948086
1011071
1034293
972998
811297
557679
297218
109922
-41710
-178136
-282555
-369976
-507145
-543154
-548871
-521454
-463807
-385623
-293386
-165695
-13291
155285
323091
469451
594365
719430
910667
949130
956460
888960
754424
608822
459899
297128
118473
-66382
-201887
-297898
-367609
-417357
-514380
-529137
-517974
-494064
-446720
-371712
-263160
-117920
55981
242855
407709
555190
690551
814862
990778
1004289
985950
941374
839932
708893
543072
368826
204132
41931
-67416
-161749
-241714
-310740
-451299
-487207
-502531
-497552
-465929
-394878
-305574
-206976
-70621
91723
263900
411343
537967
664447
865132
918254
953773
954874
881314
722556
515946
309121
146514
4825
-125196
-237633
-313920
-429849
-462649
-475504
-461505
-408245
-331715
-251079
-158534
-31245
88874
191005
307221
426823
548926
765693
847225
909567
941198
875276
737555
591780
444551
268496
77186
-70026
-172099
-274849
-359735
-435831
-456736
-458840
-420902
-337327
-231436
-124815
-16101
117296
260570
389224
511622
628355
720567
856770
898072
884913
730780
486916
257511
53323
-113308
-234078
-321361
-385452
-431916
-472569
-510889
-429815
-360760
-289128
-186532
-41608
118933
285486
455668
614418
756509
901286
1015973
1084108
1129301
1133632
1022538
818680
605292
420500
240160
96059
-33847
-143419
-230544
-304148
-364975
-411958
-442931
-414039
-357059
-262093
-155492
-53155
75012
231852
367325
488545
606812
727453
838976
920988
971590
882185
748389
587281
397257
192922
4922
-129427
-214944
-293477
-377816
-440754
-474236
-495792
-408951
-328802
-205458
-55933
97565
249625
396602
538273
670157
777356
855630
914336
947214
889040
518396
325246
139310
-31779
-183133
-296442
-377018
-434491
-470792
-489662
-473491
-423869
-352892
-255584
49818
188633
335969
479877
579937
646460
708383
763345
783287
743608
646716
522130
376436
241959
-54168
-184458
-287586
-372535
-433905
-479214
-508207
-527052
-521755
-478634
-399888
-299460
-190499
-71633
199246
315845
434083
570012
699704
780769
833343
863669
831353
731834
597911
418117
215562
3776
-273220
-355927
-423885
-472795
-505076
-537935
-568285
-554921
-502153
-427701
-333858
-213251
-78404
77855
347521
452020
566098
685583
779293
845260
883979
836747
679511
439783
181613
-20021
-181699
-292522
-446321
-506468
-540447
-546398
-516724
-459730
-380466
-279488
-158222
-35366
91696
238704
413124
582765
839089
914335
942356
901869
787929
637738
456204
252397
72960
-79773
-203774
-305800
-388858
-500188
-536278
-541726
-508486
-447898
-370050
-274092
-150282
-10999
123479
264213
419288
570639
695800
838082
844252
781505
643062
462777
272788
116006
-3795
-124636
-235685
-320741
-395120
-465486
-531173
-577351
-547031
-469474
-370304
-281839
-192287
-81862
45712
178952
324662
471323
597042
707748
814078
705939
475228
260301
67823
-94218
-219398
-304607
-363570
-414498
-473929
-517697
-530014
-504085
-441674
-237300
-110440
5848
140452
289646
422782
541192
651845
755532
841067
889527
848542
677740
458269
67389
-79125
-209286
-297429
-365221
-432139
-491594
-536893
-549151
-510776
-424991
-319398
-187334
-41183
238496
377005
515917
660163
796250
894041
827729
519941
167104
-43327
-175338
-275281
-354558
-410635
-491679
-534849
-570392
-587593
-593041
-578724
-531109
-472654
-417581
-363377
-299187
-228561
-168418
-97484
-11126
-4469
11670
14967
15069
15092
15086
15063
15025
15035
15059
15105
15119
15076
15099
15139
15108
15085
15128
15060
15051
15091
15112
15133
15118
15107
15072
15094
15070
15083
15124
15090
15065
15095
15099
15099
15129
15122
15092
15108
15115
15074
15085
15113
15064
15058
15098
15077
15064
15091
15100
15135
15118
15094
15106
15101
15090
15127
15133
15112
15115
15100
15115
15123
15151
15130
