-50
-79
-110
-146
-148
-117
-106
-144
-171
-181
-134
-97
-132
-173
-172
-131
-67
-98
-122
-151
-84
-58
-98
-153
-163
-113
-80
-122
-159
-151
-97
-106
-120
-158
-122
-120
-155
-154
-177
-194
-171
-192
-207
-185
-179
-176
-160
-185
-228
-145
-132
-173
-254
-296
-255
-212
-201
-244
-230
-205
-205
-219
-252
-222
-242
-271
-310
-287
-260
-283
-288
-304
-280
-278
-263
-252
-274
-219
-199
-252
-246
-297
-314
-315
-310
-313
-278
-265
-281
-270
-261
-275
-266
-260
-295
-337
-330
-307
-285
-330
-335
-332
-273
-275
-298
-286
-312
-300
-300
-303
-259
-300
-352
-345
-388
-315
-289
-302
-298
-321
-368
-330
-345
-321
-339
-380
-366
-332
-348
-377
-373
-360
-330
-356
-381
-323
-320
-345
-382
-383
-373
-382
-392
-371
-379
-350
-359
-388
-379
-340
-344
-340
-348
-366
-363
-339
-399
-382
-360
-310
-269
-311
-340
-288
-286
-348
-397
-419
-440
-383
-401
-389
-387
-394
-384
-385
-421
-405
-403
-434
-464
-473
-463
-462
-404
-411
-457
-489
-478
-464
-425
-469
-487
-492
-469
-489
-506
-505
-502
-503
-500
-519
-454
-452
-480
-491
-483
-504
-502
-543
-556
-550
-576
-542
-533
-491
-474
-504
-477
-530
-512
-565
-562
-549
-579
-553
-535
-534
-592
-579
-573
-572
-576
-546
-538
-563
-602
-611
-584
-608
-578
-562
-548
-598
-582
-562
-589
-618
-602
-617
-636
-631
-592
-596
-597
-607
-591
-619
-602
-572
-556
-527
-568
-602
-581
-597
-608
-611
-585
-564
-581
-630
-588
-546
-541
-531
-555
-620
-633
-664
-700
-629
-604
-613
-600
-573
-594
-581
-562
-575
-549
-558
-531
-603
-598
-616
-604
-593
-605
-584
-596
-547
-579
-596
-559
-603
-549
-583
-581
-554
-591
-589
-574
-543
-507
-546
-554
-544
-557
-569
-585
-548
-572
-579
-560
-580
-608
-564
-572
-581
-575
-579
-594
-616
-568
-616
-599
-561
-607
-664
-664
-645
-645
-642
-631
-656
-623
-641
-619
-633
-638
-679
-649
-652
-710
-689
-616
-612
-631
-646
-651
-636
-647
-662
-652
-674
-677
-682
-679
-646
-637
-635
-628
-621
-588
-628
-656
-552
-547
-575
-608
-619
-620
-621
-614
-588
-598
-600
-601
-595
-613
-513
-536
-583
-603
-602
-563
-561
-558
-604
-557
-540
-530
-514
-559
-536
-545
-576
-611
-581
-548
-529
-550
-530
-525
-574
-580
-532
-527
-524
-517
-501
-522
-553
-556
-546
-529
-504
-477
-497
-500
-492
-495
-473
-463
-519
-570
-563
-511
-507
-501
-545
-599
-615
-606
-610
-610
-588
-548
-558
-592
-619
-611
-608
-572
-592
-577
-541
-522
-513
-516
-521
-527
-470
-488
-507
-507
-544
-528
-492
-472
-487
-462
-436
-421
-419
-399
-418
-372
-396
-404
-441
-408
-428
-425
-366
-340
-368
-398
-389
-378
-351
-322
-353
-327
-349
-383
-399
-393
-373
-396
-358
-320
-336
-349
-331
-322
-364
-430
-367
-309
-369
-376
-311
-295
-314
-372
-395
-352
-319
-324
-339
-352
-370
-430
-409
-370
-380
-361
-286
-346
-376
-331
-340
-387
-393
-397
-386
-367
-415
-429
-407
-414
-422
-403
-405
-345
-330
-387
-360
-385
-394
-400
-401
-433
-375
-361
-375
-431
-391
-354
-358
-464
-429
-454
-450
-463
-488
-478
-504
-544
-458
-444
-463
-486
-468
-532
-508
-482
-526
-525
-522
-527
-551
-521
-512
-528
-568
-577
-509
-498
-510
-521
-515
-494
-552
-586
-544
-483
-516
-576
-536
-533
-535
-548
-539
-511
-506
-560
-604
-588
-597
-544
-530
-589
-593
-599
-637
-590
-580
-617
-620
-648
-696
-683
-638
-610
-638
-607
-581
-576
-597
-618
-624
-619
-584
-649
-659
-664
-681
-709
-657
-636
-617
-628
-633
-686
-669
-629
-683
-712
-739
-688
-648
-656
-668
-683
-673
-654
-638
-664
-699
-660
-676
-683
-688
-701
-778
-790
-775
-766
-768
-732
-752
-760
-759
-766
-770
-748
-704
-654
-683
-751
-726
-706
-679
-686
-751
-715
-641
-652
-673
-671
-698
-726
-748
-728
-708
-713
-719
-694
-678
-632
-644
-670
-669
-596
-624
-642
-618
-615
-621
-615
-604
-526
-497
-539
-576
-536
-478
-481
-489
-521
-514
-491
-455
-458
-452
-436
-433
-494
-503
-485
-436
-377
-439
-471
-453
-448
-419
-418
-420
-419
-397
-402
-428
-408
-399
-396
-338
-340
-338
-358
-371
-393
-404
-347
-370
-363
-365
-351
-338
-333
-305
-282
-302
-292
-300
-321
-290
-266
-252
-231
-207
-215
-225
-202
-226
-227
-254
-204
-184
-160
-175
-183
-144
-101
-133
-127
-106
-125
-82
-80
-96
-87
-71
-87
-114
-112
-68
-72
-59
-72
-54
-68
-39
-29
-35
-84
-16
-24
-19
-36
-2
0
8
30
35
23
98
94
86
82
81
90
78
79
99
97
152
122
108
163
205
163
144
127
123
156
128
143
167
139
100
170
243
221
155
139
124
136
129
143
151
164
145
102
114
108
143
131
118
185
143
115
75
106
125
80
83
95
78
83
83
63
89
106
103
98
83
39
67
74
61
76
89
66
93
77
35
100
123
107
59
26
17
0
-8
43
59
59
84
100
106
132
41
42
58
54
64
92
97
70
67
52
63
105
115
99
148
87
109
131
107
118
138
155
131
126
166
150
176
152
160
149
135
126
114
103
76
68
84
112
118
161
164
102
64
95
45
68
81
75
52
33
14
42
61
68
50
59
49
87
37
93
92
82
84
96
91
131
111
104
70
20
31
42
45
37
11
-50
-42
-55
-70
-83
-88
-60
-29
-82
-94
-81
-71
-129
-101
-96
-120
-159
-150
-108
-87
-79
-110
-182
-202
-162
-105
-101
-97
-143
-176
-150
-175
-177
-179
-155
-135
-130
-174
-210
-170
-173
-197
-214
-237
-229
-240
-235
-221
-217
-246
-244
-303
-322
-288
-309
-343
-345
-333
-349
-421
-435
-379
-380
-359
-320
-334
-405
-359
-381
-369
-381
-421
-427
-437
-452
-461
-463
-460
-440
-429
-393
-420
-487
-472
-478
-450
-458
-479
-519
-519
-480
-463
-472
-522
-493
-524
-482
-506
-532
-521
-511
-515
-567
-559
-533
-511
-533
-515
-480
-470
-481
-500
-515
-529
-569
-615
-590
-564
-609
-625
-581
-605
-622
-597
-590
-606
-640
-601
-604
-607
-647
-640
-601
-612
-646
-662
-635
-656
-658
-600
-588
-671
-688
-662
-677
-699
-691
-692
-672
-675
-663
-641
-624
-647
-652
-655
-714
-733
-723
-677
-690
-711
-736
-700
-670
-695
-676
-696
-733
-741
-787
-780
-740
-751
-767
-764
-791
-810
-791
-762
-753
-745
-736
-804
-785
-784
-821
-804
-793
-819
-806
-785
-770
-771
-781
-756
-769
-758
-753
-750
-769
-761
-774
-760
-756
-787
-753
-749
-801
-774
-725
-711
-766
-790
-818
-803
-757
-778
-800
-727
-699
-658
-683
-674
-654
-699
-664
-680
-709
-702
-717
-656
-679
-692
-713
-717
-660
-631
-646
-721
-702
-659
-712
-718
-684
-681
-681
-712
-764
-719
-683
-700
-739
-717
-709
-722
-804
-793
-749
-737
-741
-724
-706
-724
-717
-695
-705
-677
-703
-731
-702
-693
-691
-717
-772
-775
-740
-759
-748
-703
-732
-729
-718
-745
-739
-773
-786
-836
-758
-720
-766
-784
-801
-801
-748
-704
-741
-763
-786
-838
-827
-860
-851
-838
-825
-826
-801
-830
-846
-843
-772
-755
-797
-818
-825
-834
-835
-809
-774
-780
-772
-742
-800
-779
-763
-715
-714
-753
-759
-772
-764
-726
-687
-696
-693
-634
-629
-614
-619
-679
-663
-659
-669
-637
-637
-655
-662
-672
-710
-697
-663
-655
-602
-631
-666
-664
-682
-657
-679
-713
-670
-640
-653
-624
-652
-662
-633
-652
-656
-685
-671
-673
-716
-728
-708
-703
-714
-716
-757
-805
-787
-790
-766
-780
-780
-722
-682
-696
-709
-659
-626
-656
-677
-681
-664
-691
-672
-652
-659
-703
-759
-703
-614
-598
-621
-617
-635
-630
-684
-671
-657
-653
-656
-666
-671
-664
-677
-662
-629
-639
-697
-712
-671
-637
-650
-643
-713
-732
-701
-682
-758
-803
-762
-737
-749
-766
-747
-734
-746
-741
-766
-801
-810
-814
-818
-810
-787
-768
-753
-782
-781
-747
-762
-787
-764
-791
-812
-788
-806
-791
-783
-833
-835
-837
-828
-815
-780
-783
-760
-818
-845
-870
-840
-829
-809
-797
-826
-789
-774
-774
-768
-809
-796
-815
-834
-846
-845
-800
-837
-831
-845
-896
-934
-863
-841
-828
-843
-877
-870
-852
-893
-888
-932
-925
-905
-886
-886
-892
-905
-874
-860
-875
-913
-917
-874
-869
-871
-916
-896
-888
-843
-818
-803
-814
-849
-811
-841
-828
-822
-837
-836
-856
-863
-839
-848
-887
-897
-914
-806
-819
-850
-885
-852
-847
-823
-803
-837
-859
-809
-763
-764
-741
-730
-727
-758
-755
-758
-764
-755
-737
-746
-763
-749
-735
-747
-715
-711
-738
-696
-728
-745
-734
-721
-715
-756
-778
-737
-721
-667
-661
-693
-746
-728
-719
-721
-731
-736
-746
-702
-690
-710
-717
-707
-695
-710
-676
-716
-727
-731
-775
-800
-786
-797
-803
-768
-767
-778
-830
-814
-808
-754
-785
-821
-800
-830
-793
-753
-764
-793
-774
-815
-809
-814
-767
-789
-814
-841
-878
-835
-803
-802
-768
-763
-779
-813
-810
-784
-784
-792
-789
-775
-762
-783
-822
-795
-749
-732
-714
-683
-685
-721
-739
-732
-714
-691
-715
-716
-707
-714
-719
-704
-714
-723
-749
-748
-700
-687
-698
-716
-709
-697
-698
-694
-709
-701
-724
-669
-638
-597
-629
-618
-601
-613
-625
-660
-651
-598
-603
-563
-580
-635
-568
-584
-553
-519
-532
-569
-571
-559
-558
-562
-566
-580
-583
-552
-586
-546
-524
-566
-514
-482
-486
-523
-555
-551
-524
-490
-495
-500
-535
-529
-537
-531
-517
-478
-491
-535
-535
-505
-484
-541
-533
-499
-496
-507
-441
-460
-483
-522
-525
-535
-485
-477
-475
-460
-475
-472
-461
-447
-434
-430
-424
-463
-415
-452
-521
-474
-386
-414
-435
-440
-449
-419
-406
-423
-417
-429
-416
-475
-476
-446
-487
-487
-496
-514
-491
-481
-485
-438
-477
-486
-482
-490
-490
-493
-499
-523
-500
-467
-446
-472
-542
-509
-495
-463
-442
-476
-514
-479
-427
-473
-477
-517
-502
-509
-511
-476
-498
-472
-466
-486
-516
-554
-463
-462
-522
-550
-540
-519
-503
-503
-488
-506
-508
-487
-577
-579
-552
-532
-562
-556
-540
-550
-527
-515
-520
-565
-548
-541
-560
-602
-628
-600
-543
-595
-555
-531
-516
-530
-516
-550
-554
-575
-579
-597
-583
-547
-510
-527
-552
-519
-503
-484
-487
-455
-490
-507
-524
-487
-488
-476
-451
-458
-487
-489
-456
-479
-479
-466
-438
-432
-442
-428
-477
-503
-506
-472
-441
-473
-461
-474
-444
-417
-413
-389
-394
-421
-442
-449
-422
-384
-432
-425
-395
-364
-425
-454
-413
-401
-456
-446
-416
-366
-321
-378
-388
-391
-395
-397
-407
-376
-349
-305
-304
-346
-321
-302
-348
-373
-371
-392
-387
-332
-319
-310
-289
-289
-265
-306
-329
-295
-313
-329
-294
-300
-295
-267
-235
-245
-225
-251
-260
-254
-281
-243
-229
-249
-279
-271
-289
-294
-233
-213
-254
-274
-284
-304
-304
-311
-278
-295
-283
-275
-304
-296
-283
-300
-329
-317
-300
-295
-291
-294
-323
-306
-325
-345
-300
-297
-313
-337
-324
-275
-301
-310
-345
-380
-350
-347
-392
-387
-355
-346
-348
-370
-358
-424
-328
-287
-321
-419
-436
-467
-427
-386
-407
-465
-476
-444
-422
-416
-375
-412
-456
-460
-454
-434
-421
-409
-409
-448
-427
-362
-363
-397
-378
-315
-331
-389
-397
-379
-429
-470
-392
-356
-387
-354
-363
-359
-334
-273
-294
-333
-378
-367
-385
-359
-347
-373
-326
-297
-324
-306
-339
-395
-352
-338
-369
-380
-395
-388
-431
-456
-423
-389
-411
-392
-416
-424
-383
-407
-444
-431
-440
-442
-461
-431
-408
-377
-373
-318
-313
-375
-385
-399
-447
-466
-445
-450
-382
-357
-356
-356
-386
-384
-411
-387
-371
-346
-381
-378
-380
-420
-430
-392
-395
-375
-327
-328
-376
-343
-328
-311
-278
-308
-320
-295
-289
-239
-224
-219
-233
-202
-186
-204
-151
-151
-148
-141
-154
-186
-184
-197
-172
-172
-194
-193
-169
-180
-178
-153
-196
-238
-186
-196
-238
-239
-232
-241
-228
-236
-244
-218
-217
-221
-255
-301
-292
-331
-335
-324
-326
-303
-241
-250
-290
-308
-310
-314
-353
-349
-348
-341
-366
-361
-345
-315
-329
-354
-378
-324
-343
-340
-363
-394
-425
-398
-403
-428
-447
-425
-440
-454
-409
-427
-437
-428
-419
-375
-422
-471
-497
-459
-451
-515
-478
-468
-512
-514
-502
-467
-486
-528
-545
-542
-537
-511
-549
-551
-594
-614
-594
-575
-524
-492
-510
-493
-528
-563
-561
-557
-563
-574
-595
-578
-560
-570
-613
-620
-581
-584
-626
-646
-599
-591
-592
-593
-588
-584
-553
-531
-507
-519
-566
-599
-584
-598
-609
-583
-545
-544
-555
-546
-509
-610
-625
-568
-520
-546
-556
-568
-574
-534
-528
-547
-570
-576
-564
-511
-495
-561
-538
-554
-532
-536
-544
-544
-516
-502
-506
-531
-535
-514
-543
-583
-539
-540
-497
-531
-606
-603
-574
-576
-606
-580
-609
-614
-614
-619
-603
-597
-595
-600
-637
-648
-656
-644
-628
-682
-689
-707
-712
-687
-722
-670
-714
-729
-750
-785
-784
-779
-783
-739
-727
-728
-729
-759
-733
-747
-707
-738
-769
-766
-755
-774
-752
-726
-737
-771
-736
-774
-738
-723
-672
-703
-724
-812
-793
-792
-813
-829
-795
-761
-792
-797
-798
-776
-792
-811
-820
-873
-901
-820
-772
-819
-867
-859
-823
-822
-853
-792
-767
-757
-761
-750
-759
-750
-751
-733
-668
-713
-705
-678
-703
-690
-669
-663
-662
-654
-715
-717
-699
-679
-687
-696
-678
-673
-662
-647
-633
-696
-668
-652
-611
-618
-648
-637
-600
-625
-657
-629
-633
-659
-635
-599
-590
-603
-618
-636
-652
-642
-640
-648
-673
-686
-646
-679
-699
-712
-705
-686
-692
-705
-705
-705
-737
-743
-720
-706
-702
-667
-682
-676
-659
-703
-768
-718
-715
-699
-706
-758
-676
-702
-749
-732
-748
-724
-730
-721
-753
-760
-725
-735
-750
-786
-762
-734
-707
-686
-714
-700
-649
-692
-678
-695
-683
-691
-724
-776
-766
-728
-721
-736
-770
-733
-753
-733
-774
-810
-784
-821
-815
-795
-845
-852
-860
-867
-822
-806
-873
-843
-864
-881
-893
-960
-913
-917
-900
-838
-866
-861
-890
-919
-887
-876
-900
-915
-941
-980
-1006
-965
-948
-978
-988
-990
-952
-934
-947
-943
-939
-969
-1030
-1040
-1079
-1082
-1026
-990
-968
-1031
-1025
-974
-982
-995
-1035
-1064
-1078
-1063
-1077
-1071
-1087
-1056
-1045
-1079
-1045
-1046
-994
-973
-991
-1000
-1006
-986
-1013
-977
-978
-975
-989
-1001
-1012
-995
-994
-933
-935
-989
-1040
-1057
-1063
-1057
-1001
-981
-1058
-1047
-983
-987
-1036
-1003
-999
-1001
-1037
-1012
-1018
-1015
-1017
-988
-968
-964
-976
-997
-987
-972
-1016
-970
-986
-998
-1026
-1034
-999
-982
-988
-970
-981
-1027
-1057
-1025
-1092
-1110
-1154
-1143
-1145
-1133
-1110
-1120
-1109
-1074
-1106
-1124
-1103
-1100
-1117
-1090
-1105
-1189
-1182
-1131
-1108
-1106
-1120
-1115
-1131
-1149
-1121
-1139
-1092
-1130
-1144
-1203
-1156
-1151
-1139
-1133
-1140
-1135
-1138
-1123
-1117
-1100
-1085
-1104
-1111
-1165
-1119
-1141
-1149
-1137
-1152
-1141
-1136
-1133
-1154
-1203
-1170
-1180
-1202
-1203
-1214
-1251
-1301
-1254
-1226
-1170
-1225
-1235
-1234
-1247
-1216
-1252
-1201
-1190
-1257
-1280
-1231
-1245
-1262
-1254
-1230
-1238
-1232
-1188
-1231
-1232
-1203
-1253
-1270
-1273
-1228
-1225
-1227
-1259
-1295
-1268
-1256
-1285
-1274
-1248
-1258
-1361
-1349
-1319
-1290
-1276
-1274
-1288
-1272
-1280
-1299
-1311
-1328
-1298
-1318
-1297
-1304
-1318
-1312
-1347
-1369
-1316
-1271
-1266
-1286
-1288
-1296
-1312
-1335
-1331
-1321
-1292
-1301
-1291
-1290
-1298
-1287
-1278
-1264
-1257
-1265
-1240
-1266
-1284
-1321
-1343
-1363
-1336
-1338
-1324
-1350
-1353
-1333
-1302
-1317
-1353
-1357
-1348
-1356
-1297
-1267
-1304
-1295
-1281
-1280
-1294
-1311
-1321
-1315
-1256
-1261
-1299
-1364
-1357
-1333
-1311
-1313
-1314
-1333
-1334
-1295
-1248
-1226
-1224
-1201
-1227
-1252
-1287
-1284
-1240
-1179
-1219
-1211
-1214
-1237
-1239
-1216
-1199
-1209
-1217
-1245
-1208
-1243
-1225
-1262
-1288
-1242
-1244
-1275
-1267
-1263
-1259
-1255
-1265
-1298
-1286
-1282
-1270
-1255
-1219
-1217
-1209
-1190
-1175
-1190
-1195
-1176
-1199
-1191
-1207
-1226
-1210
-1191
-1179
-1174
-1203
-1202
-1191
-1171
-1165
-1154
-1150
-1200
-1241
-1217
-1183
-1208
-1193
-1183
-1209
-1213
-1241
-1229
-1237
-1275
-1279
-1268
-1269
-1292
-1300
-1295
-1308
-1321
-1346
-1391
-1377
-1402
-1417
-1422
-1425
-1433
-1470
-1502
-1483
-1481
-1486
-1498
-1512
-1470
-1427
-1399
-1416
-1499
-1489
-1499
-1531
-1519
-1509
-1554
-1560
-1549
-1508
-1490
-1491
-1500
-1497
-1426
-1412
-1453
-1488
-1510
-1562
-1554
-1505
-1461
-1451
-1523
-1540
-1494
-1455
-1467
-1490
-1542
-1551
-1538
-1537
-1572
-1554
-1532
-1542
-1509
-1512
-1539
-1540
-1506
-1525
-1539
-1554
-1511
-1518
-1542
-1573
-1570
-1562
-1555
-1546
-1507
-1503
-1518
-1500
-1524
-1543
-1540
-1510
-1542
-1527
-1541
-1548
-1523
-1488
-1489
-1498
-1507
-1438
-1441
-1483
-1511
-1504
-1458
-1454
-1468
-1464
-1467
-1482
-1478
-1487
-1470
-1458
-1426
-1460
-1474
-1489
-1456
-1431
-1447
-1485
-1481
-1473
-1487
-1505
-1477
-1451
-1455
-1502
-1515
-1517
-1487
-1492
-1528
-1491
-1501
-1510
-1498
-1466
-1466
-1409
-1411
-1452
-1487
-1463
-1441
-1418
-1446
-1451
-1432
-1429
-1415
-1410
-1402
-1373
-1454
-1491
-1478
-1456
-1444
-1444
-1437
-1412
-1392
-1396
-1425
-1403
-1376
-1367
-1369
-1382
-1403
-1409
-1448
-1414
-1473
-1466
-1419
-1435
-1432
-1467
-1461
-1441
-1473
-1484
-1537
-1516
-1514
-1512
-1512
-1513
-1579
-1563
-1519
-1541
-1554
-1599
-1595
-1560
-1582
-1598
-1636
-1609
-1636
-1588
-1614
-1576
-1539
-1578
-1590
-1614
-1605
-1662
-1683
-1687
-1672
-1664
-1633
-1666
-1642
-1669
-1670
-1714
-1661
-1606
-1640
-1571
-1618
-1669
-1666
-1677
-1680
-1677
-1692
-1661
-1666
-1691
-1667
-1688
-1720
-1693
-1721
-1775
-1772
-1731
-1744
-1751
-1740
-1741
-1727
-1726
-1728
-1727
-1761
-1792
-1768
-1772
-1783
-1787
-1754
-1748
-1813
-1832
-1777
-1821
-1833
-1823
-1785
-1792
-1853
-1862
-1823
-1798
-1807
-1837
-1836
-1792
-1790
-1794
-1765
-1778
-1788
-1744
-1781
-1792
-1823
-1824
-1822
-1793
-1782
-1822
-1787
-1704
-1727
-1760
-1732
-1717
-1714
-1706
-1733
-1761
-1769
-1757
-1755
-1716
-1709
-1728
-1749
-1715
-1616
-1625
-1703
-1722
-1659
-1650
-1628
-1649
-1628
-1618
-1612
-1639
-1635
-1603
-1613
-1589
-1580
-1556
-1589
-1617
-1567
-1521
-1528
-1520
-1525
-1523
-1458
-1422
-1444
-1457
-1457
-1493
-1520
-1520
-1502
-1470
-1464
-1482
-1512
-1534
-1488
-1513
-1508
-1498
-1571
-1566
-1526
-1560
-1534
-1545
-1598
-1649
-1633
-1626
-1621
-1655
-1677
-1661
-1690
-1756
-1760
-1694
-1712
-1775
-1780
-1775
-1766
-1762
-1747
-1731
-1710
-1790
-1817
-1782
-1811
-1875
-1860
-1828
-1815
-1843
-1853
-1813
-1816
-1865
-1850
-1763
-1744
-1802
-1837
-1854
-1844
-1851
-1877
-1887
-1817
-1784
-1801
-1793
-1853
-1805
-1834
-1874
-1888
-1834
-1851
-1854
-1849
-1833
-1839
-1827
-1821
-1823
-1793
-1851
-1852
-1865
-1883
-1879
-1892
-1896
-1885
-1912
-1935
-1934
-1914
-1934
-1914
-1847
-1887
-1974
-1981
-1986
-1996
-1924
-1902
-1908
-1933
-1938
-1900
-1901
-1893
-1945
-1901
-1905
-1909
-1913
-1933
-1943
-1920
-1895
-1892
-1867
-1905
-1878
-1890
-1799
-1807
-1846
-1830
-1830
-1842
-1802
-1822
-1824
-1767
-1753
-1809
-1777
-1732
-1802
-1813
-1829
-1818
-1826
-1787
-1761
-1794
-1808
-1779
-1764
-1800
-1811
-1809
-1810
-1826
-1822
-1869
-1897
-1867
-1820
-1836
-1835
-1849
-1811
-1806
-1813
-1777
-1766
-1792
-1771
-1804
-1810
-1815
-1801
-1787
-1754
-1788
-1790
-1774
-1795
-1803
-1829
-1802
-1791
-1831
-1830
-1833
-1868
-1891
-1863
-1858
-1880
-1872
-1881
-1907
-1897
-1859
-1888
-1898
-1852
-1900
-1979
-1976
-1919
-1942
-1959
-1941
-1900
-1918
-1934
-1931
-1959
-1993
-2015
-2018
-2019
-1996
-1961
-1977
-2015
-2044
-2048
-2042
-1989
-2030
-2031
-2056
-2089
-2060
-2067
-2133
-2110
-2072
-2090
-2058
-1969
-2008
-2032
-2033
-2064
-2057
-2063
-2092
-2029
-2020
-2044
-2040
-2023
-2031
-1997
-1982
-2025
-1985
-1954
-2019
-2057
-2056
-2044
-2034
-2035
-2024
-2034
-2028
-2016
-1962
-1954
-2010
-1981
-2019
-2067
-2022
-2009
-1995
-2011
-2037
-2036
-2021
-2005
-1984
-2011
-2022
-2037
-2041
-2076
-2117
-2032
-2022
-2060
-2072
-2063
-2030
-2021
-2045
-2022
-2003
-1973
-1951
-2003
-2037
-2025
-2010
-2003
-2014
-1988
-1989
-2008
-1988
-1990
-1980
-1924
-1924
-1945
-1972
-2006
-2017
-1982
-1969
-2008
-1994
-1960
-1975
-1981
-1968
-1917
-1946
-1922
-1910
-1872
-1907
-1902
-1881
-1871
-1845
-1816
-1844
-1822
-1809
-1798
-1807
-1826
-1834
-1837
-1829
-1820
-1785
-1726
-1729
-1775
-1789
-1798
-1829
-1780
-1803
-1786
-1797
-1783
-1778
-1837
-1842
-1808
-1767
-1761
-1789
-1792
-1773
-1779
-1783
-1802
-1773
-1767
-1827
-1873
-1860
-1789
-1743
-1801
-1823
-1831
-1799
-1784
-1812
-1861
-1850
-1846
-1831
-1856
-1850
-1884
-1900
-1919
-1915
-1906
-1922
-1874
-1925
-1950
-1954
-1943
-1917
-1883
-1895
-1963
-1972
-1904
-1921
-1936
-1922
-1926
-1946
-1952
-1967
-1992
-2010
-1984
-1970
-1914
-1897
-1943
-1916
-1906
-1904
-1965
-1974
-1977
-1979
-2007
-1974
-1947
-1981
-1996
-2015
-2006
-1986
-1999
-2027
-1993
-2002
-2044
-2022
-2049
-2065
-2026
-2098
-2087
-2067
-2048
-2096
-2080
-2095
-2074
-2053
-2072
-2119
-2090
-2107
-2131
-2120
-2092
-2087
-2085
-2077
-2097
-2126
-2120
-2114
-2104
-2120
-2110
-2132
-2141
-2122
-2136
-2136
-2104
-2141
-2140
-2114
-2106
-2111
-2063
-2087
-2153
-2147
-2145
-2124
-2147
-2138
-2116
-2105
-2084
-2115
-2097
-2095
-2116
-2140
-2145
-2144
-2156
-2140
-2172
-2163
-2104
-2120
-2138
-2121
-2085
-2087
-2080
-2164
-2169
-2112
-2137
-2174
-2162
-2134
-2142
-2150
-2196
-2179
-2177
-2251
-2169
-2171
-2241
-2222
-2241
-2255
-2238
-2232
-2220
-2244
-2273
-2248
-2236
-2231
-2287
-2314
-2354
-2377
-2313
-2292
-2323
-2292
-2247
-2287
-2237
-2261
-2305
-2298
-2309
-2306
-2310
-2323
-2312
-2307
-2281
-2271
-2323
-2329
-2275
-2274
-2239
-2235
-2220
-2216
-2228
-2258
-2235
-2236
-2248
-2243
-2222
-2181
-2130
-2127
-2148
-2161
-2140
-2122
-2185
-2188
-2197
-2156
-2163
-2175
-2148
-2129
-2107
-2114
-2132
-2119
-2188
-2190
-2226
-2229
-2204
-2217
-2239
-2201
-2194
-2194
-2177
-2234
-2221
-2177
-2158
-2235
-2221
-2248
-2255
-2270
-2271
-2326
-2291
-2290
-2306
-2306
-2317
-2284
-2256
-2279
-2311
-2306
-2313
-2328
-2344
-2357
-2382
-2405
-2356
-2363
-2387
-2378
-2343
-2393
-2410
-2414
-2411
-2441
-2423
-2365
-2365
-2368
-2399
-2437
-2394
-2377
-2365
-2394
-2470
-2448
-2421
-2405
-2448
-2423
-2378
-2384
-2412
-2434
-2414
-2443
-2418
-2406
-2455
-2444
-2433
-2438
-2480
-2517
-2472
-2429
-2467
-2516
-2502
-2500
-2459
-2471
-2506
-2503
-2568
-2566
-2601
-2574
-2541
-2486
-2516
-2506
-2514
-2507
-2520
-2559
-2574
-2549
-2578
-2590
-2540
-2546
-2569
-2565
-2576
-2548
-2558
-2528
-2567
-2597
-2609
-2572
-2611
-2635
-2603
-2532
-2593
-2568
-2541
-2553
-2589
-2621
-2601
-2649
-2672
-2665
-2678
-2717
-2696
-2685
-2705
-2721
-2717
-2700
-2692
-2658
-2689
-2741
-2781
-2739
-2689
-2731
-2747
-2744
-2750
-2784
-2815
-2806
-2809
-2795
-2792
-2779
-2794
-2833
-2884
-2854
-2832
-2853
-2826
-2870
-2896
-2914
-2883
-2833
-2895
-2918
-2923
-2886
-2911
-2912
-2880
-2912
-2924
-2909
-2864
-2878
-2904
-2951
-2904
-2945
-2975
-2979
-2995
-2981
-2996
-3015
-3021
-3000
-2950
-2938
-2956
-2966
-2986
-2987
-3005
-3035
-3012
-3029
-3064
-3038
-3020
-2997
-3000
-3042
-3050
-3092
-3037
-3023
-3041
-3089
-3088
-3050
-3078
-3102
-3089
-3097
-3131
-3095
-3079
-3140
-3127
-3110
-3055
-3085
-3075
-3111
-3153
-3173
-3152
-3168
-3168
-3199
-3208
-3195
-3183
-3140
-3148
-3166
-3171
-3203
-3206
-3179
-3193
-3243
-3210
-3186
-3197
-3203
-3214
-3188
-3215
-3229
-3209
-3229
-3255
-3241
-3236
-3167
-3169
-3165
-3171
-3199
-3177
-3153
-3174
-3201
-3208
-3235
-3189
-3156
-3165
-3126
-3126
-3123
-3107
-3131
-3144
-3130
-3179
-3193
-3186
-3170
-3173
-3145
-3160
-3138
-3138
-3142
-3174
-3098
-3127
-3140
-3163
-3189
-3202
-3179
-3155
-3132
-3139
-3150
-3183
-3220
-3124
-3112
-3129
-3121
-3140
-3177
-3145
-3148
-3139
-3123
-3093
-3126
-3113
-3097
-3126
-3135
-3117
-3116
-3145
-3131
-3118
-3131
-3144
-3144
-3103
-3095
-3117
-3135
-3076
-3112
-3131
-3120
-3133
-3137
-3152
-3160
-3158
-3161
-3174
-3172
-3195
-3170
-3138
-3144
-3160
-3173
-3154
-3186
-3259
-3220
-3174
-3175
-3154
-3208
-3199
-3169
-3192
-3204
-3212
-3189
-3194
-3199
-3260
-3289
-3243
-3256
-3272
-3245
-3232
-3208
-3222
-3229
-3214
-3232
-3203
-3244
-3284
-3284
-3263
-3252
-3263
-3268
-3255
-3254
-3229
-3245
-3276
-3212
-3237
-3253
-3299
-3314
-3310
-3280
-3296
-3283
-3314
-3317
-3303
-3302
-3246
-3271
-3277
-3352
-3343
-3320
-3326
-3345
-3361
-3368
-3375
-3359
-3406
-3381
-3355
-3329
-3359
-3407
-3404
-3366
-3368
-3386
-3433
-3424
-3440
-3427
-3453
-3381
-3412
-3417
-3461
-3512
-3468
-3480
-3511
-3483
-3475
-3490
-3461
-3476
-3491
-3484
-3475
-3436
-3456
-3499
-3530
-3536
-3524
-3500
-3458
-3505
-3519
-3477
-3455
-3471
-3489
-3463
-3448
-3520
-3543
-3495
-3512
-3514
-3518
-3517
-3486
-3495
-3546
-3517
-3465
-3473
-3474
-3471
-3521
-3496
-3513
-3552
-3540
-3512
-3536
-3567
-3546
-3532
-3526
-3545
-3519
-3569
-3589
-3554
-3578
-3582
-3569
-3519
-3506
-3529
-3601
-3588
-3578
-3599
-3556
-3558
-3612
-3641
-3678
-3705
-3672
-3617
-3615
-3629
-3670
-3661
-3658
-3632
-3655
-3680
-3730
-3667
-3634
-3635
-3662
-3667
-3691
-3733
-3665
-3628
-3674
-3683
-3699
-3713
-3709
-3767
-3693
-3691
-3733
-3777
-3739
-3705
-3709
-3756
-3770
-3760
-3737
-3763
-3765
-3742
-3756
-3762
-3744
-3765
-3755
-3773
-3734
-3758
-3805
-3709
-3705
-3758
-3810
-3769
-3785
-3779
-3784
-3789
-3765
-3747
-3771
-3795
-3810
-3779
-3756
-3799
-3832
-3833
-3833
-3780
-3778
-3765
-3786
-3788
-3741
-3747
-3773
-3769
-3791
-3841
-3832
-3843
-3800
-3802
-3795
-3822
-3787
-3782
-3775
-3760
-3768
-3784
-3750
-3789
-3812
-3819
-3828
-3811
-3878
-3832
-3722
-3770
-3824
-3803
-3752
-3716
-3796
-3777
-3842
-3806
-3839
-3857
-3827
-3826
-3827
-3858
-3826
-3780
-3789
-3778
-3757
-3780
-3817
-3823
-3817
-3800
-3845
-3855
-3837
-3835
-3860
-3825
-3809
-3814
-3804
-3778
-3772
-3797
-3808
-3877
-3904
-3842
-3821
-3830
-3845
-3848
-3879
-3853
-3831
-3817
-3841
-3900
-3868
-3864
-3871
-3871
-3894
-3877
-3843
-3829
-3810
-3782
-3801
-3804
-3846
-3865
-3881
-3860
-3824
-3845
-3849
-3804
-3800
-3785
-3777
-3814
-3756
-3751
-3775
-3816
-3860
-3842
-3810
-3792
-3766
-3795
-3814
-3824
-3825
-3791
-3837
-3793
-3813
-3819
-3796
-3812
-3856
-3827
-3826
-3797
-3758
-3782
-3781
-3772
-3810
-3786
-3761
-3781
-3806
-3773
-3771
-3797
-3828
-3770
-3773
-3751
-3766
-3813
-3775
-3740
-3763
-3813
-3839
-3780
-3775
-3761
-3773
-3815
-3793
-3765
-3720
-3743
-3763
-3743
-3802
-3803
-3797
-3816
-3851
-3834
-3789
-3852
-3851
-3823
-3802
-3803
-3824
-3819
-3801
-3821
-3836
-3865
-3859
-3838
-3831
-3789
-3774
-3807
-3849
-3842
-3846
-3875
-3878
-3937
-3920
-3872
-3855
-3868
-3866
-3833
-3869
-3930
-3904
-3880
-3910
-3874
-3858
-3910
-3939
-3966
-3962
-3945
-3942
-3968
-3963
-3932
-3956
-3997
-3966
-3894
-3908
-3943
-3972
-3984
-3958
-3913
-3938
-3983
-3946
-3891
-3946
-3982
-3995
-3964
-3912
-3982
-4007
-3990
-3962
-3955
-3951
-3928
-3925
-3966
-3990
-3986
-3943
-3962
-3952
-3918
-3928
-3968
-3986
-3979
-3941
-3995
-4017
-3983
-3990
-3963
-3982
-3952
-3911
-3880
-3917
-3971
-3942
-3944
-3979
-3968
-3981
-3953
-3957
-3920
-3913
-3967
-3936
-3909
-3942
-3939
-3911
-3962
-3998
-3968
-3935
-3953
-3991
-3995
-4004
-4072
-4074
-4043
-4029
-4057
-4077
-4085
-4075
-4015
-4049
-4115
-4074
-4083
-4116
-4128
-4116
-4113
-4107
-4113
-4098
-4138
-4110
-4064
-4058
-4104
-4082
-4072
-4112
-4120
-4116
-4077
-4096
-4113
-4115
-4111
-4083
-4116
-4117
-4078
-4057
-4074
-4118
-4113
-4110
-4121
-4124
-4122
-4070
-4043
-4085
-4083
-4084
-4070
-4069
-4076
-4064
-4048
-4083
-4105
-4126
-4115
-4127
-4058
-4023
-4023
-4030
-4061
-4035
-4085
-4046
-4068
-4107
-4114
-4122
-4097
-4088
-4094
-4122
-4109
-4099
-4095
-4102
-4114
-4082
-4080
-4119
-4166
-4178
-4145
-4084
-4072
-4100
-4165
-4176
-4150
-4144
-4084
-4108
-4089
-4073
-4121
-4130
-4144
-4106
-4069
-4089
-4102
-4104
-4104
-4109
-4069
-4049
-4055
-4105
-4112
-4125
-4129
-4118
-4049
-4029
-4066
-4072
-4076
-4119
-4045
-4118
-4130
-4097
-4099
-4093
-4058
-4060
-4039
-4078
-4081
-4063
-4041
-4015
-4124
-4126
-4092
-4072
-4059
-4054
-4074
-4036
-3996
-3979
-3893
-3836
-3791
