-245
-199
-178
-172
-186
-188
-160
-113
-66
-66
-43
25
66
91
48
8
0
20
45
81
115
109
155
193
195
152
157
201
214
215
207
242
249
229
218
204
234
216
239
239
259
291
283
263
241
217
249
297
326
323
300
311
311
361
409
381
419
445
396
443
459
444
426
441
398
357
399
434
421
428
396
431
408
419
427
384
383
382
392
407
378
395
412
462
430
392
342
347
405
417
365
348
352
387
381
373
400
419
402
372
281
288
305
328
299
279
280
294
303
348
339
241
272
287
211
170
167
170
168
158
165
155
164
170
129
109
138
115
43
36
-2
56
63
50
-6
20
63
41
87
40
70
20
-28
8
9
-22
-29
14
38
-9
5
23
23
18
12
29
22
49
-11
-7
41
43
35
38
35
51
27
47
15
-64
-52
-29
-42
-37
-47
-37
-62
-65
-47
-48
-29
-52
-117
-153
-179
-247
-280
-265
-257
-258
-248
-267
-281
-300
-294
-254
-273
-303
-337
-352
-363
-353
-349
-384
-367
-374
-335
-327
-354
-301
-318
-309
-318
-330
-342
-290
-328
-342
-308
-292
-325
-323
-295
-214
-258
-262
-289
-270
-319
-265
-286
-267
-236
-186
-209
-224
-188
-199
-232
-243
-205
-254
-308
-328
-299
-296
-275
-244
-258
-239
-225
-243
-224
-186
-252
-258
-241
-255
-221
-262
-271
-265
-273
-263
-286
-275
-275
-276
-267
-338
-353
-365
-349
-326
-361
-401
-347
-314
-344
-375
-371
-407
-431
-450
-497
-479
-458
-443
-454
-457
-464
-468
-484
-515
-548
-519
-518
-567
-593
-551
-582
-567
-600
-578
-576
-621
-606
-583
-554
-560
-588
-644
-676
-626
-639
-639
-664
-711
-667
-610
-630
-626
-630
-606
-655
-682
-665
-742
-780
-725
-671
-761
-763
-689
-630
-646
-686
-729
-766
-744
-722
-767
-778
-759
-766
-785
-815
-824
-768
-729
-768
-742
-759
-774
-824
-839
-842
-856
-825
-862
-829
-809
-819
-792
-835
-858
-849
-894
-915
-890
-867
-886
-921
-892
-860
-855
-885
-904
-882
-841
-901
-926
-902
-936
-957
-956
-945
-903
-913
-940
-983
-987
-969
-875
-875
-942
-986
-994
-995
-975
-954
-951
-934
-918
-967
-960
-934
-905
-860
-923
-970
-943
-970
-974
-953
-936
-930
-933
-959
-959
-929
-914
-921
-957
-939
-949
-963
-958
-931
-857
-897
-922
-900
-874
-903
-950
-906
-884
-893
-909
-924
-883
-895
-903
-877
-869
-899
-921
-884
-836
-870
-915
-916
-894
-920
-920
-917
-883
-888
-893
-926
-912
-861
-824
-895
-829
-855
-853
-867
-916
-897
-837
-840
-901
-919
-913
-912
-935
-920
-923
-930
-953
-945
-996
-999
-990
-954
-996
-1031
-1007
-961
-993
-945
-909
-903
-883
-945
-940
-906
-958
-939
-908
-897
-926
-897
-897
-858
-851
-877
-916
-890
-882
-907
-933
-932
-917
-910
-911
-909
-869
-858
-850
-867
-884
-892
-875
-869
-902
-880
-894
-884
-890
-866
-869
-859
-855
-901
-926
-898
-893
-911
-884
-911
-912
-887
-906
-893
-899
-866
-875
-889
-915
-948
-935
-900
-871
-866
-827
-841
-836
-841
-853
-833
-830
-804
-858
-853
-815
-792
-799
-814
-796
-769
-776
-794
-812
-746
-774
-747
-773
-789
-747
-761
-779
-784
-791
-801
-751
-728
-743
-711
-701
-758
-781
-802
-831
-808
-778
-726
-729
-774
-749
-738
-758
-705
-727
-710
-723
-721
-743
-738
-699
-704
-740
-742
-734
-710
-668
-675
-657
-664
-662
-692
-722
-712
-663
-670
-666
-649
-655
-683
-643
-645
-647
-694
-671
-640
-610
-644
-696
-673
-667
-606
-581
-597
-618
-593
-596
-582
-567
-580
-627
-581
-588
-586
-555
-563
-563
-589
-529
-511
-523
-539
-492
-502
-554
-512
-491
-496
-491
-475
-467
-492
-492
-467
-461
-426
-452
-511
-445
-388
-464
-495
-453
-445
-440
-385
-366
-368
-347
-338
-360
-396
-418
-393
-350
-336
-356
-365
-359
-364
-354
-350
-337
-333
-381
-391
-327
-315
-304
-335
-327
-309
-320
-295
-295
-257
-270
-270
-309
-380
-383
-375
-288
-247
-322
-353
-345
-333
-339
-328
-323
-281
-314
-388
-370
-333
-353
-371
-364
-363
-364
-358
-328
-301
-326
-311
-325
-395
-388
-425
-389
-384
-370
-353
-344
-376
-374
-388
-372
-337
-337
-377
-444
-488
-432
-387
-343
-406
-440
-430
-395
-345
-383
-420
-425
-395
-389
-401
-413
-416
-447
-442
-389
-399
-408
-390
-387
-392
-340
-361
-411
-383
-376
-414
-417
-415
-414
-413
-392
-395
-377
-329
-328
-384
-425
-407
-413
-398
-385
-386
-394
-399
-396
-379
-406
-402
-437
-433
-452
-475
-495
-515
-511
-491
-505
-463
-463
-498
-477
-472
-474
-489
-512
-559
-568
-540
-483
-499
-536
-526
-507
-530
-543
-567
-549
-539
-574
-600
-603
-571
-569
-581
-543
-504
-500
-516
-549
-472
-508
-556
-565
-566
-550
-553
-570
-513
-528
-545
-539
-561
-550
-521
-532
-523
-532
-620
-640
-608
-570
-601
-624
-588
-572
-577
-584
-600
-563
-520
-577
-628
-659
-665
-632
-612
-603
-615
-615
-564
-612
-645
-620
-594
-610
-662
-652
-716
-698
-682
-676
-646
-605
-655
-622
-629
-628
-622
-623
-672
-708
-684
-671
-694
-672
-655
-635
-597
-604
-629
-622
-631
-662
-657
-634
-587
-574
-625
-649
-629
-638
-632
-608
-553
-588
-599
-641
-643
-629
-627
-631
-609
-580
-593
-621
-643
-663
-600
-622
-661
-672
-689
-667
-691
-718
-672
-676
-659
-657
-698
-690
-695
-688
-647
-660
-630
-676
-677
-713
-725
-687
-698
-656
-684
-642
-633
-647
-646
-638
-676
-705
-692
-698
-654
-615
-617
-648
-667
-670
-674
-666
-630
-659
-646
-656
-635
-603
-634
-648
-645
-634
-595
-617
-643
-609
-594
-520
-569
-584
-602
-601
-576
-588
-550
-571
-558
-588
-554
-570
-554
-547
-597
-600
-558
-565
-610
-590
-570
-564
-553
-514
-507
-517
-530
-490
-520
-560
-506
-535
-529
-534
-535
-522
-530
-520
-537
-562
-491
-503
-506
-513
-513
-524
-509
-498
-480
-480
-517
-455
-461
-452
-470
-471
-516
-537
-505
-459
-411
-389
-443
-468
-436
-432
-442
-436
-424
-401
-373
-397
-445
-435
-479
-428
-369
-397
-416
-421
-407
-363
-377
-351
-327
-338
-372
-396
-383
-325
-347
-318
-292
-312
-310
-317
-329
-279
-289
-334
-319
-295
-295
-291
-269
-247
-230
-204
-174
-181
-149
-151
-124
-115
-126
-88
-84
-101
-46
-8
-46
-10
56
19
62
33
5
-26
-47
1
68
69
61
83
121
114
139
162
166
175
198
210
189
227
213
194
217
257
225
223
243
294
319
323
302
317
316
334
332
397
365
310
380
383
418
462
473
447
477
476
447
489
480
492
543
525
515
521
526
573
627
565
576
570
556
572
584
633
588
603
660
668
651
640
691
685
689
695
596
670
726
694
688
700
708
738
807
810
802
851
829
825
834
811
804
798
780
817
847
829
917
916
903
918
950
945
946
905
912
937
926
951
970
955
935
938
991
1045
1057
1021
971
971
1035
1018
1019
1081
1060
1068
1049
1051
1073
1101
1108
1130
1074
1052
1070
1082
1097
1090
1104
1133
1104
1137
1189
1143
1148
1160
1140
1145
1186
1170
1199
1187
1179
1173
1177
1167
1142
1141
1162
1165
1183
1154
1149
1163
1191
1175
1172
1198
1200
1196
1177
1244
1227
1220
1179
1142
1142
1206
1256
1228
1283
1297
1285
1301
1329
1322
1337
1315
1271
1251
1286
1259
1224
1231
1313
1380
1352
1286
1329
1339
1347
1338
1343
1319
1323
1339
1365
1368
1369
1388
1395
1398
1394
1375
1368
1394
1389
1354
1383
1396
1399
1418
1427
1369
1318
1405
1426
1430
1478
1436
1393
1351
1340
1406
1419
1437
1473
1482
1438
1396
1415
1416
1426
1429
1385
1421
1440
1457
1412
1421
1448
1429
1445
1496
1470
1415
1417
1453
1464
1486
1435
1436
1447
1446
1435
1497
1515
1480
1467
1480
1533
1528
1453
1463
1486
1540
1550
1517
1514
1552
1546
1512
1522
1529
1518
1522
1500
1491
1476
1483
1486
1460
1501
1555
1538
1499
1540
1583
1542
1534
1540
1592
1546
1519
1569
1571
1525
1503
1531
1551
1560
1544
1641
1587
1561
1530
1594
1616
1606
1591
1577
1602
1586
1620
1645
1598
1696
1691
1674
1627
1632
1676
1641
1638
1646
1611
1608
1647
1683
1727
1740
1747
1707
1672
1666
1675
1697
1676
1692
1743
1739
1709
1700
1774
1755
1755
1765
1753
1734
1731
1733
1801
1846
1846
1797
1742
1769
1823
1840
1831
1817
1814
1800
1785
1836
1878
1858
1861
1898
1923
1901
1892
1914
1895
1915
1932
1895
1941
1950
1955
1964
1933
1957
2005
2015
2015
2025
2062
2046
2010
2061
2057
2073
2074
2114
2171
2151
2138
2212
2209
2216
2226
2218
2181
2211
2208
2221
2228
2279
2322
2323
2340
2297
2313
2346
2401
2415
2361
2365
2369
2418
2420
2432
2471
2509
2527
2531
2569
2582
2584
2584
2551
2556
2591
2601
2631
2677
2710
2747
2774
2733
2737
2735
2749
2711
2718
2746
2768
2803
2842
2830
2849
2905
2942
2925
2932
2961
2933
2932
2974
2989
2958
2997
3043
3052
3091
3058
3035
3136
3173
3155
3177
3144
3152
3150
3181
3238
3216
3225
3287
3298
3307
3334
3346
3375
3397
3395
3379
3372
3359
3384
3421
3458
3444
3446
3491
3480
3530
3557
3581
3568
3526
3512
3541
3588
3591
3582
3654
3673
3656
3671
3730
3705
3750
3728
3730
3767
3807
3799
3809
3806
3812
3827
3904
3905
3908
3890
3878
3855
3870
3911
3940
4003
4014
4014
4015
4005
4032
4061
4093
4143
4149
4091
4058
4085
4106
4110
4124
4152
4145
4186
4203
4231
4243
4286
4305
4283
4336
4348
4360
4380
4389
4406
4411
4417
4454
4496
4498
4584
4602
4577
4547
4536
4537
4584
4640
4664
4672
4673
4667
4712
4717
4751
4798
4787
4699
4734
4776
4764
4750
4782
4810
4794
4816
4873
4882
4918
4948
4926
4932
4968
4976
4943
4981
5033
5058
5067
5079
5101
5104
5218
5226
5168
5183
5195
5207
5241
5270
5300
5278
5343
5344
5297
5319
5376
5401
5419
5425
5424
5457
5460
5447
5505
5569
5573
5605
5602
5585
5638
5634
5633
5640
5633
5612
5610
5640
5638
5637
5709
5708
5724
5732
5723
5724
5733
5717
5689
5679
5676
5688
5713
5721
5751
5760
5771
5775
5744
5752
5750
5705
5686
5742
5741
5722
5762
5809
5753
5738
5746
5747
5765
5795
5747
5711
5706
5635
5660
5717
5707
5692
5695
5704
5721
5715
5733
5695
5662
5643
5650
5640
5605
5616
5636
5601
5604
5681
5662
5630
5633
5696
5634
5559
5579
5621
5594
5610
5655
5640
5641
5638
5644
5631
5622
5665
5670
5597
5618
5638
5640
5658
5640
5661
5692
5708
5666
5660
5691
5712
5705
5671
5666
5635
5642
5673
5703
5723
5724
5811
5798
5789
5756
5804
5778
5752
5770
5761
5736
5769
5836
5838
5805
5812
5840
5900
5883
5847
5820
5833
5873
5861
5881
5874
